9
AY544150.1 0.0000000 0.0763415 0.0763415 0.0730331 0.0749983 0.0717787 0.0717787 0.0745199 0.0745199 
LC144611.1 0.0763415 0.0000000 0.0000010 0.0635127 0.0583860 0.0531366 0.0539829 0.0619344 0.0615666 
HM102310.1 0.0763415 0.0000010 0.0000000 0.0635127 0.0583860 0.0542469 0.0539829 0.0615840 0.0613905 
AY544156.1 0.0730331 0.0635127 0.0635127 0.0000000 0.0147265 0.0398688 0.0398688 0.0415005 0.0415005 
AY544154.1 0.0749983 0.0583860 0.0583860 0.0147265 0.0000000 0.0384154 0.0384154 0.0392695 0.0392695 
KP126163.1 0.0717787 0.0531366 0.0542469 0.0398688 0.0384154 0.0000000 0.0000010 0.0432997 0.0433696 
JF700169.1 0.0717787 0.0539829 0.0539829 0.0398688 0.0384154 0.0000010 0.0000000 0.0433995 0.0434525 
AY633977.1 0.0745199 0.0619344 0.0615840 0.0415005 0.0392695 0.0432997 0.0433995 0.0000000 0.0000010 
JF444303.1 0.0745199 0.0615666 0.0613905 0.0415005 0.0392695 0.0433696 0.0434525 0.0000010 0.0000000 
